380 1.167E-03 4.406E-01 5.945E-19 9.97480631E-01 1.000E+00 1.000E+00
383 1.379E-03 4.280E-01 6.014E-19 9.98969793E-01 1.000E+00 1.000E+00
385 1.389E-03 4.156E-01 6.039E-19 1.00013483E+00 1.000E+00 1.000E+00
388 1.257E-03 4.051E-01 6.130E-19 9.99180019E-01 1.000E+00 1.000E+00
390 1.196E-03 3.955E-01 6.227E-19 9.97653246E-01 1.000E+00 1.000E+00
393 1.256E-03 3.857E-01 6.193E-19 9.97202456E-01 1.000E+00 1.000E+00
395 1.271E-03 3.747E-01 6.157E-19 9.99102890E-01 1.000E+00 1.000E+00
398 1.082E-03 3.647E-01 6.328E-19 1.00104439E+00 1.000E+00 1.000E+00
400 9.418E-04 3.564E-01 6.342E-19 1.00050640E+00 1.000E+00 1.000E+00
403 9.296E-04 3.486E-01 6.155E-19 9.99549270E-01 1.000E+00 1.000E+00
405 9.759E-04 3.400E-01 6.015E-19 9.99396086E-01 1.000E+00 1.000E+00
408 1.065E-03 3.314E-01 6.101E-19 9.99889791E-01 1.000E+00 1.000E+00
410 1.143E-03 3.233E-01 6.226E-19 1.00027966E+00 1.000E+00 1.000E+00
413 1.158E-03 3.155E-01 6.161E-19 1.00068545E+00 1.000E+00 1.000E+00
415 1.218E-03 3.079E-01 5.856E-19 1.00124681E+00 1.000E+00 1.000E+00
418 1.325E-03 3.004E-01 5.698E-19 1.00188076E+00 1.000E+00 1.000E+00
420 1.448E-03 2.932E-01 5.927E-19 1.00214767E+00 1.000E+00 1.000E+00
422 1.774E-03 2.863E-01 6.054E-19 1.00256908E+00 1.000E+00 1.000E+00
425 2.153E-03 2.796E-01 5.793E-19 1.00276411E+00 1.000E+00 1.000E+00
427 2.242E-03 2.732E-01 5.468E-19 1.00238121E+00 1.000E+00 1.000E+00
430 2.290E-03 2.664E-01 5.331E-19 1.00243497E+00 1.000E+00 1.000E+00
432 2.492E-03 2.597E-01 5.452E-19 1.00407708E+00 1.000E+00 1.000E+00
435 2.644E-03 2.539E-01 5.549E-19 1.00376105E+00 1.000E+00 1.000E+00
437 3.023E-03 2.482E-01 5.355E-19 1.00292146E+00 1.000E+00 1.000E+00
440 3.903E-03 2.424E-01 4.968E-19 1.00280178E+00 1.000E+00 1.000E+00
442 4.600E-03 2.368E-01 4.726E-19 1.00314152E+00 1.000E+00 1.000E+00
445 4.590E-03 2.315E-01 4.945E-19 1.00320137E+00 1.000E+00 1.000E+00
447 4.547E-03 2.261E-01 5.107E-19 1.00324404E+00 1.000E+00 1.000E+00
450 4.968E-03 2.211E-01 4.798E-19 1.00343859E+00 1.000E+00 1.000E+00
452 5.368E-03 2.162E-01 4.441E-19 1.00346661E+00 1.000E+00 1.000E+00
455 5.945E-03 2.114E-01 4.252E-19 1.00366211E+00 1.000E+00 1.000E+00
457 7.420E-03 2.067E-01 4.263E-19 1.00389016E+00 1.000E+00 1.000E+00
460 9.301E-03 2.022E-01 4.351E-19 1.00406051E+00 1.000E+00 1.000E+00
462 1.011E-02 1.977E-01 4.326E-19 1.00408030E+00 1.000E+00 1.000E+00
465 9.683E-03 1.935E-01 4.061E-19 1.00402701E+00 1.000E+00 1.000E+00
467 9.647E-03 1.893E-01 3.691E-19 1.00389612E+00 1.000E+00 1.000E+00
470 1.043E-02 1.852E-01 3.441E-19 1.00497901E+00 1.000E+00 1.000E+00
472 1.115E-02 1.812E-01 3.582E-19 1.00701869E+00 1.000E+00 1.000E+00
475 1.242E-02 1.774E-01 3.801E-19 1.00795507E+00 1.000E+00 1.000E+00
477 1.528E-02 1.736E-01 3.580E-19 1.00794935E+00 1.000E+00 1.000E+00
480 1.895E-02 1.700E-01 3.338E-19 1.00796580E+00 1.000E+00 1.000E+00
482 2.122E-02 1.665E-01 3.022E-19 1.00639200E+00 1.000E+00 1.000E+00
485 2.114E-02 1.631E-01 2.725E-19 1.00463223E+00 1.000E+00 1.000E+00
487 2.040E-02 1.595E-01 2.939E-19 1.00452685E+00 1.000E+00 1.000E+00
490 2.101E-02 1.562E-01 3.044E-19 1.00375259E+00 1.000E+00 1.000E+00
492 2.224E-02 1.530E-01 2.853E-19 1.00328279E+00 1.000E+00 1.000E+00
495 2.354E-02 1.499E-01 2.822E-19 1.00362551E+00 1.000E+00 1.000E+00
497 2.613E-02 1.469E-01 2.498E-19 1.00413930E+00 1.000E+00 1.000E+00
500 3.087E-02 1.440E-01 2.022E-19 1.00425041E+00 1.000E+00 1.000E+00
502 3.665E-02 1.410E-01 2.151E-19 1.00531209E+00 1.000E+00 1.000E+00
505 4.082E-02 1.382E-01 2.384E-19 1.00668955E+00 1.000E+00 1.000E+00
507 4.179E-02 1.355E-01 2.315E-19 1.00726461E+00 1.000E+00 1.000E+00
510 4.101E-02 1.328E-01 2.296E-19 1.00721729E+00 1.000E+00 1.000E+00
512 4.110E-02 1.302E-01 2.157E-19 1.00661480E+00 1.000E+00 1.000E+00
515 4.275E-02 1.277E-01 1.772E-19 1.00642824E+00 1.000E+00 1.000E+00
517 4.504E-02 1.252E-01 1.597E-19 1.00656426E+00 1.000E+00 1.000E+00
520 4.767E-02 1.227E-01 1.620E-19 1.00700474E+00 1.000E+00 1.000E+00
522 5.134E-02 1.203E-01 1.624E-19 1.00666618E+00 1.000E+00 1.000E+00
525 5.654E-02 1.180E-01 1.755E-19 1.00632191E+00 1.000E+00 1.000E+00
527 6.292E-02 1.158E-01 1.771E-19 1.00644875E+00 1.000E+00 1.000E+00
530 6.884E-02 1.137E-01 1.592E-19 1.00681901E+00 1.000E+00 1.000E+00
532 7.264E-02 1.114E-01 1.423E-19 1.00582004E+00 1.000E+00 1.000E+00
535 7.422E-02 1.092E-01 1.168E-19 1.00470090E+00 1.000E+00 1.000E+00
537 7.488E-02 1.072E-01 1.024E-19 1.00458014E+00 1.000E+00 1.000E+00
540 7.665E-02 1.052E-01 1.097E-19 1.00453210E+00 1.000E+00 1.000E+00
542 7.989E-02 1.032E-01 1.240E-19 1.00472832E+00 1.000E+00 1.000E+00
545 8.325E-02 1.013E-01 1.296E-19 1.00482059E+00 1.000E+00 1.000E+00
547 8.591E-02 9.940E-02 1.237E-19 1.00510645E+00 1.000E+00 1.000E+00
550 8.809E-02 9.756E-02 1.129E-19 1.00508308E+00 1.000E+00 1.000E+00
553 9.044E-02 9.575E-02 9.907E-20 1.00458121E+00 1.000E+00 1.000E+00
555 9.359E-02 9.400E-02 8.268E-20 1.00409043E+00 1.000E+00 1.000E+00
558 9.815E-02 9.230E-02 6.751E-20 1.00384486E+00 1.000E+00 1.000E+00
560 1.041E-01 9.062E-02 6.704E-20 1.00522959E+00 1.000E+00 1.000E+00
563 1.101E-01 8.899E-02 8.271E-20 1.00662935E+00 1.000E+00 1.000E+00
565 1.152E-01 8.737E-02 8.817E-20 1.00788629E+00 1.000E+00 1.000E+00
568 1.194E-01 8.579E-02 8.097E-20 1.01031816E+00 1.000E+00 1.000E+00
570 1.231E-01 8.424E-02 8.258E-20 1.01302540E+00 1.000E+00 1.000E+00
573 1.258E-01 8.273E-02 7.445E-20 1.01491022E+00 1.000E+00 1.000E+00
575 1.262E-01 8.130E-02 5.358E-20 1.01527619E+00 1.000E+00 1.000E+00
578 1.245E-01 7.992E-02 4.606E-20 1.01489115E+00 1.000E+00 1.000E+00
580 1.217E-01 7.850E-02 4.637E-20 1.01156676E+00 1.000E+00 1.000E+00
583 1.191E-01 7.711E-02 4.563E-20 1.00743210E+00 1.000E+00 1.000E+00
586 1.175E-01 7.581E-02 4.880E-20 1.00623620E+00 1.000E+00 1.000E+00
588 1.172E-01 7.455E-02 5.159E-20 1.00820172E+00 1.000E+00 1.000E+00
591 1.186E-01 7.336E-02 5.765E-20 1.01101613E+00 1.000E+00 1.000E+00
593 1.222E-01 7.228E-02 5.611E-20 1.01119351E+00 1.000E+00 1.000E+00
596 1.275E-01 7.117E-02 4.249E-20 1.01009488E+00 1.000E+00 1.000E+00
598 1.328E-01 6.999E-02 3.893E-20 1.00939834E+00 1.000E+00 1.000E+00
601 1.365E-01 6.757E-02 3.874E-20 1.01716471E+00 1.000E+00 1.000E+00
603 1.374E-01 6.651E-02 3.034E-20 1.01622796E+00 1.000E+00 1.000E+00
605 1.353E-01 6.543E-02 2.076E-20 1.01243091E+00 1.000E+00 1.000E+00
608 1.310E-01 6.437E-02 1.990E-20 1.01006377E+00 1.000E+00 1.000E+00
610 1.256E-01 6.335E-02 2.700E-20 1.01125038E+00 1.000E+00 1.000E+00
613 1.202E-01 6.236E-02 3.487E-20 1.01280701E+00 1.000E+00 1.000E+00
615 1.152E-01 6.137E-02 3.541E-20 1.01380193E+00 1.000E+00 1.000E+00
618 1.107E-01 6.038E-02 3.180E-20 1.01449144E+00 1.000E+00 1.000E+00
620 1.070E-01 5.942E-02 2.798E-20 1.01500940E+00 1.000E+00 1.000E+00
623 1.038E-01 5.848E-02 2.439E-20 1.01597095E+00 1.000E+00 1.000E+00
625 1.007E-01 5.754E-02 2.069E-20 1.01907611E+00 1.000E+00 1.000E+00
627 9.740E-02 5.663E-02 1.634E-20 1.02568507E+00 1.000E+00 1.000E+00
630 9.400E-02 5.575E-02 1.319E-20 1.02693200E+00 1.000E+00 1.000E+00
632 9.046E-02 5.486E-02 1.304E-20 1.02329791E+00 1.000E+00 1.000E+00
635 8.676E-02 5.400E-02 1.402E-20 1.01976299E+00 1.000E+00 1.000E+00
637 8.287E-02 5.316E-02 1.464E-20 1.01683474E+00 1.000E+00 1.000E+00
640 7.890E-02 5.234E-02 1.583E-20 1.01512921E+00 1.000E+00 1.000E+00
642 7.512E-02 5.152E-02 1.767E-20 1.01460028E+00 1.000E+00 1.000E+00
645 7.176E-02 5.073E-02 1.919E-20 1.01625097E+00 1.000E+00 1.000E+00
647 6.871E-02 4.995E-02 1.898E-20 1.01740003E+00 1.000E+00 1.000E+00
650 6.588E-02 4.918E-02 1.544E-20 1.01650083E+00 1.000E+00 1.000E+00
652 6.321E-02 4.843E-02 1.167E-20 1.01650417E+00 1.000E+00 1.000E+00
655 6.060E-02 4.771E-02 9.722E-21 1.01699233E+00 1.000E+00 1.000E+00
657 5.782E-02 4.695E-02 7.987E-21 1.01582265E+00 1.000E+00 1.000E+00
660 5.523E-02 4.623E-02 6.329E-21 1.01521611E+00 1.000E+00 1.000E+00
662 5.283E-02 4.555E-02 4.976E-21 1.01423991E+00 1.000E+00 1.000E+00
665 5.029E-02 4.487E-02 5.478E-21 1.01267207E+00 1.000E+00 1.000E+00
667 4.759E-02 4.420E-02 7.980E-21 1.01225865E+00 1.000E+00 1.000E+00
670 4.488E-02 4.354E-02 9.638E-21 1.01177418E+00 1.000E+00 1.000E+00
672 4.229E-02 4.289E-02 1.010E-20 1.01134956E+00 1.000E+00 1.000E+00
675 3.991E-02 4.225E-02 1.027E-20 1.01157176E+00 1.000E+00 1.000E+00
677 3.774E-02 4.163E-02 9.232E-21 1.01181197E+00 1.000E+00 1.000E+00
679 3.584E-02 4.102E-02 7.379E-21 1.01248944E+00 1.000E+00 1.000E+00
682 3.430E-02 4.042E-02 5.895E-21 1.01312518E+00 1.000E+00 1.000E+00
684 3.292E-02 3.983E-02 5.184E-21 1.01729035E+00 1.000E+00 1.000E+00
692 2.750E-02 3.811E-02 2.906E-21 1.03099310E+00 1.000E+00 1.000E+00
694 2.567E-02 3.756E-02 2.656E-21 1.02118886E+00 1.000E+00 1.000E+00
697 2.394E-02 3.702E-02 2.429E-21 1.01740408E+00 1.000E+00 1.000E+00
699 2.241E-02 3.649E-02 2.369E-21 1.02026415E+00 1.000E+00 1.000E+00
702 2.114E-02 3.597E-02 3.030E-21 1.02167940E+00 1.000E+00 1.000E+00
704 2.014E-02 3.546E-02 4.374E-21 1.02189553E+00 1.000E+00 1.000E+00
707 1.934E-02 3.496E-02 5.156E-21 1.02203608E+00 1.000E+00 1.000E+00
709 1.868E-02 3.446E-02 4.920E-21 1.02132130E+00 1.000E+00 1.000E+00
712 1.820E-02 3.398E-02 4.601E-21 1.02121496E+00 1.000E+00 1.000E+00
714 1.788E-02 3.350E-02 3.751E-21 1.02086926E+00 1.000E+00 1.000E+00
717 1.733E-02 3.303E-02 2.447E-21 1.00552583E+00 1.000E+00 1.000E+00
719 1.625E-02 3.257E-02 1.823E-21 9.88439322E-01 1.000E+00 1.000E+00
722 1.496E-02 3.212E-02 1.858E-21 9.96994078E-01 1.000E+00 1.000E+00
724 1.391E-02 3.167E-02 1.678E-21 1.00215292E+00 1.000E+00 1.000E+00
729 1.220E-02 3.081E-02 8.984E-22 1.00951290E+00 1.000E+00 1.000E+00
732 1.153E-02 3.038E-02 9.392E-22 1.01773024E+00 1.000E+00 1.000E+00
734 1.114E-02 2.997E-02 1.157E-21 1.02230167E+00 1.000E+00 1.000E+00
737 1.096E-02 2.956E-02 1.301E-21 1.02387083E+00 1.000E+00 1.000E+00
741 1.094E-02 2.897E-02 1.339E-21 1.01778388E+00 1.000E+00 1.000E+00
743 1.119E-02 2.857E-02 1.813E-21 1.01196206E+00 1.000E+00 1.000E+00
746 1.153E-02 2.819E-02 2.323E-21 1.00834465E+00 1.000E+00 1.000E+00
748 1.150E-02 2.781E-02 1.876E-21 1.00586700E+00 1.000E+00 1.000E+00
751 1.074E-02 2.744E-02 1.390E-21 1.00000000E+00 1.000E+00 1.000E+00
753 9.483E-03 2.707E-02 1.443E-21 1.00000000E+00 1.000E+00 1.000E+00
756 8.328E-03 2.671E-02 1.307E-21 1.00000000E+00 1.000E+00 1.000E+00
771 6.585E-03 2.468E-02 3.155E-22 1.00000000E+00 1.000E+00 1.000E+00
772 6.768E-03 2.452E-02 2.764E-22 1.00000000E+00 1.000E+00 1.000E+00
774 7.369E-03 2.420E-02 2.949E-22 1.00000000E+00 1.000E+00 1.000E+00
777 8.069E-03 2.389E-02 3.684E-22 1.00000000E+00 1.000E+00 1.000E+00
779 8.375E-03 2.358E-02 4.135E-22 1.00000000E+00 1.000E+00 1.000E+00
782 7.962E-03 2.328E-02 4.360E-22 1.00000000E+00 1.000E+00 1.000E+00
784 7.054E-03 2.298E-02 4.865E-22 1.00000000E+00 1.000E+00 1.000E+00
787 6.138E-03 2.269E-02 6.189E-22 1.00000000E+00 1.000E+00 1.000E+00
789 5.442E-03 2.240E-02 8.418E-22 1.00000000E+00 1.000E+00 1.000E+00
792 4.901E-03 2.212E-02 7.865E-22 1.00000000E+00 1.000E+00 1.000E+00
794 4.449E-03 2.184E-02 4.479E-22 1.00000000E+00 1.000E+00 1.000E+00
797 4.130E-03 2.157E-02 2.896E-22 1.00000000E+00 1.000E+00 1.000E+00
799 3.943E-03 2.130E-02 3.150E-22 1.00000000E+00 1.000E+00 1.000E+00
802 3.847E-03 2.104E-02 3.325E-22 1.00000000E+00 1.000E+00 1.000E+00
804 3.891E-03 2.078E-02 2.312E-22 1.00000000E+00 1.000E+00 1.000E+00
807 4.171E-03 2.052E-02 1.138E-22 1.00000000E+00 1.000E+00 1.000E+00
809 4.692E-03 2.027E-02 9.675E-23 1.00000000E+00 1.000E+00 1.000E+00
812 5.313E-03 2.003E-02 1.269E-22 1.00000000E+00 1.000E+00 1.000E+00
814 5.836E-03 1.979E-02 1.403E-22 1.00000000E+00 1.000E+00 1.000E+00
817 6.024E-03 1.955E-02 1.070E-22 1.00000000E+00 1.000E+00 1.000E+00
819 5.699E-03 1.932E-02 6.941E-23 1.00000000E+00 1.000E+00 1.000E+00
822 4.916E-03 1.908E-02 6.586E-23 1.00000000E+00 1.000E+00 1.000E+00
824 3.982E-03 1.885E-02 8.298E-23 1.00000000E+00 1.000E+00 1.000E+00
827 3.185E-03 1.862E-02 1.014E-22 1.00000000E+00 1.000E+00 1.000E+00
829 2.620E-03 1.840E-02 1.147E-22 1.00000000E+00 1.000E+00 1.000E+00
832 2.259E-03 1.817E-02 1.471E-22 1.00000000E+00 1.000E+00 1.000E+00
835 2.051E-03 1.795E-02 1.970E-22 1.00000000E+00 1.000E+00 1.000E+00
837 1.974E-03 1.774E-02 1.945E-22 1.00000000E+00 1.000E+00 1.000E+00
840 1.990E-03 1.754E-02 1.761E-22 1.00000000E+00 1.000E+00 1.000E+00
842 2.081E-03 1.733E-02 1.913E-22 1.00000000E+00 1.000E+00 1.000E+00
845 2.267E-03 1.713E-02 1.738E-22 1.00000000E+00 1.000E+00 1.000E+00
847 2.602E-03 1.693E-02 1.158E-22 1.00000000E+00 1.000E+00 1.000E+00
850 3.172E-03 1.673E-02 7.480E-23 1.00000000E+00 1.000E+00 1.000E+00
852 3.781E-03 1.654E-02 8.119E-23 1.00000000E+00 1.000E+00 1.000E+00
855 3.974E-03 1.634E-02 1.025E-22 1.00000000E+00 1.000E+00 1.000E+00
857 3.669E-03 1.614E-02 8.662E-23 1.00000000E+00 1.000E+00 1.000E+00
860 3.165E-03 1.595E-02 6.504E-23 1.00000000E+00 1.000E+00 1.000E+00
862 2.572E-03 1.577E-02 6.390E-23 1.00000000E+00 1.000E+00 1.000E+00
865 2.051E-03 1.560E-02 5.998E-23 1.00000000E+00 1.000E+00 1.000E+00
867 1.649E-03 1.542E-02 6.107E-23 1.00000000E+00 1.000E+00 1.000E+00
870 1.362E-03 1.524E-02 6.062E-23 1.00000000E+00 1.000E+00 1.000E+00
872 1.178E-03 1.507E-02 5.796E-23 1.00000000E+00 1.000E+00 1.000E+00
875 1.081E-03 1.490E-02 6.097E-23 1.00000000E+00 1.000E+00 1.000E+00
877 1.057E-03 1.472E-02 6.736E-23 1.00000000E+00 1.000E+00 1.000E+00
880 1.097E-03 1.456E-02 7.289E-23 1.00000000E+00 1.000E+00 1.000E+00
