380   1.167e-03   4.406e-01   5.945e-19   1.00E+00	1.00E+00	1.00E+00
383   1.379e-03   4.280e-01   6.014e-19   1.00E+00	1.00E+00	1.00E+00
385   1.389e-03   4.156e-01   6.039e-19   1.00E+00	1.00E+00	1.00E+00
388   1.257e-03   4.051e-01   6.130e-19   1.00E+00	1.00E+00	1.00E+00
390   1.196e-03   3.955e-01   6.227e-19   1.00E+00	1.00E+00	1.00E+00
393   1.256e-03   3.857e-01   6.193e-19   1.00E+00	1.00E+00	1.00E+00
395   1.271e-03   3.747e-01   6.157e-19   1.00E+00	1.00E+00	1.00E+00
398   1.082e-03   3.647e-01   6.328e-19   1.00E+00	1.00E+00	1.00E+00
400   9.418e-04   3.564e-01   6.342e-19   1.00E+00	1.00E+00	1.00E+00
403   9.296e-04   3.486e-01   6.155e-19   1.00E+00	1.00E+00	1.00E+00
405   9.759e-04   3.400e-01   6.015e-19   1.00E+00	1.00E+00	1.00E+00
408   1.065e-03   3.314e-01   6.101e-19   1.00E+00	1.00E+00	1.00E+00
410   1.143e-03   3.233e-01   6.226e-19   1.00E+00	1.00E+00	1.00E+00
413   1.158e-03   3.155e-01   6.161e-19   1.00E+00	1.00E+00	1.00E+00
415   1.218e-03   3.079e-01   5.856e-19   1.00E+00	1.00E+00	1.00E+00
418   1.325e-03   3.004e-01   5.698e-19   1.00E+00	1.00E+00	1.00E+00
420   1.448e-03   2.932e-01   5.927e-19   1.00E+00	1.00E+00	1.00E+00
422   1.774e-03   2.863e-01   6.054e-19   1.00E+00	1.00E+00	1.00E+00
425   2.153e-03   2.796e-01   5.793e-19   1.00E+00	1.00E+00	1.00E+00
427   2.242e-03   2.732e-01   5.468e-19   1.00E+00	1.00E+00	1.00E+00
430   2.290e-03   2.664e-01   5.331e-19   1.00E+00	1.00E+00	1.00E+00
432   2.492e-03   2.597e-01   5.452e-19   1.00E+00	1.00E+00	1.00E+00
435   2.644e-03   2.539e-01   5.549e-19   1.00E+00	1.00E+00	1.00E+00
437   3.023e-03   2.482e-01   5.355e-19   1.00E+00	1.00E+00	1.00E+00
440   3.903e-03   2.424e-01   4.968e-19   1.00E+00	1.00E+00	1.00E+00
442   4.600e-03   2.368e-01   4.726e-19   1.00E+00	1.00E+00	1.00E+00
445   4.590e-03   2.315e-01   4.945e-19   1.00E+00	1.00E+00	1.00E+00
447   4.547e-03   2.261e-01   5.107e-19   1.00E+00	1.00E+00	1.00E+00
450   4.968e-03   2.211e-01   4.798e-19   1.00E+00	1.00E+00	1.00E+00
452   5.368e-03   2.162e-01   4.441e-19   1.00E+00	1.00E+00	1.00E+00
455   5.945e-03   2.114e-01   4.252e-19   1.00E+00	1.00E+00	1.00E+00
457   7.420e-03   2.067e-01   4.263e-19   1.00E+00	1.00E+00	1.00E+00
460   9.301e-03   2.022e-01   4.351e-19   1.00E+00	1.00E+00	1.00E+00
462   1.011e-02   1.977e-01   4.326e-19   1.00E+00	1.00E+00	1.00E+00
465   9.683e-03   1.935e-01   4.061e-19   1.00E+00	1.00E+00	1.00E+00
467   9.647e-03   1.893e-01   3.691e-19   1.00E+00	1.00E+00	1.00E+00
470   1.043e-02   1.852e-01   3.441e-19   1.00E+00	1.00E+00	1.00E+00
472   1.115e-02   1.812e-01   3.582e-19   1.00E+00	1.00E+00	1.00E+00
475   1.242e-02   1.774e-01   3.801e-19   1.00E+00	1.00E+00	1.00E+00
477   1.528e-02   1.736e-01   3.580e-19   1.00E+00	1.00E+00	1.00E+00
480   1.895e-02   1.700e-01   3.338e-19   1.00E+00	1.00E+00	1.00E+00
482   2.122e-02   1.665e-01   3.022e-19   1.00E+00	1.00E+00	1.00E+00
485   2.114e-02   1.631e-01   2.725e-19   1.00E+00	1.00E+00	1.00E+00
487   2.040e-02   1.595e-01   2.939e-19   1.00E+00	1.00E+00	1.00E+00
490   2.101e-02   1.562e-01   3.044e-19   1.00E+00	1.00E+00	1.00E+00
492   2.224e-02   1.530e-01   2.853e-19   1.00E+00	1.00E+00	1.00E+00
495   2.354e-02   1.499e-01   2.822e-19   1.00E+00	1.00E+00	1.00E+00
497   2.613e-02   1.469e-01   2.498e-19   1.00E+00	1.00E+00	1.00E+00
500   3.087e-02   1.440e-01   2.022e-19   1.00E+00	1.00E+00	1.00E+00
502   3.665e-02   1.410e-01   2.151e-19   1.00E+00	1.00E+00	1.00E+00
505   4.082e-02   1.382e-01   2.384e-19   1.00E+00	1.00E+00	1.00E+00
507   4.179e-02   1.355e-01   2.315e-19   1.00E+00	1.00E+00	1.00E+00
510   4.101e-02   1.328e-01   2.296e-19   1.00E+00	1.00E+00	1.00E+00
512   4.110e-02   1.302e-01   2.157e-19   1.00E+00	1.00E+00	1.00E+00
515   4.275e-02   1.277e-01   1.772e-19   1.00E+00	1.00E+00	1.00E+00
517   4.504e-02   1.252e-01   1.597e-19   1.00E+00	1.00E+00	1.00E+00
520   4.767e-02   1.227e-01   1.620e-19   1.00E+00	1.00E+00	1.00E+00
522   5.134e-02   1.203e-01   1.624e-19   1.00E+00	1.00E+00	1.00E+00
525   5.654e-02   1.180e-01   1.755e-19   1.00E+00	1.00E+00	1.00E+00
527   6.292e-02   1.158e-01   1.771e-19   1.00E+00	1.00E+00	1.00E+00
530   6.884e-02   1.137e-01   1.592e-19   1.00E+00	1.00E+00	1.00E+00
532   7.264e-02   1.114e-01   1.423e-19   1.00E+00	1.00E+00	1.00E+00
535   7.422e-02   1.092e-01   1.168e-19   1.00E+00	1.00E+00	1.00E+00
537   7.488e-02   1.072e-01   1.024e-19   1.00E+00	1.00E+00	1.00E+00
540   7.665e-02   1.052e-01   1.097e-19   1.00E+00	1.00E+00	1.00E+00
542   7.989e-02   1.032e-01   1.240e-19   1.00E+00	1.00E+00	1.00E+00
545   8.325e-02   1.013e-01   1.296e-19   1.00E+00	1.00E+00	1.00E+00
547   8.591e-02   9.940e-02   1.237e-19   1.00E+00	1.00E+00	1.00E+00
550   8.809e-02   9.756e-02   1.129e-19   1.00E+00	1.00E+00	1.00E+00
553   9.044e-02   9.575e-02   9.907e-20   1.00E+00	1.00E+00	1.00E+00
555   9.359e-02   9.400e-02   8.268e-20   1.00E+00	1.00E+00	1.00E+00
558   9.815e-02   9.230e-02   6.751e-20   1.00E+00	1.00E+00	1.00E+00
560   1.041e-01   9.062e-02   6.704e-20   1.00E+00	1.00E+00	1.00E+00
563   1.101e-01   8.899e-02   8.271e-20   1.00E+00	1.00E+00	1.00E+00
565   1.152e-01   8.737e-02   8.817e-20   1.00E+00	1.00E+00	1.00E+00
568   1.194e-01   8.579e-02   8.097e-20   1.00E+00	1.00E+00	1.00E+00
570   1.231e-01   8.424e-02   8.258e-20   1.00E+00	1.00E+00	1.00E+00
573   1.258e-01   8.273e-02   7.445e-20   1.00E+00	1.00E+00	1.00E+00
575   1.262e-01   8.130e-02   5.358e-20   1.00E+00	1.00E+00	1.00E+00
578   1.245e-01   7.992e-02   4.606e-20   1.00E+00	1.00E+00	1.00E+00
580   1.217e-01   7.850e-02   4.637e-20   1.00E+00	1.00E+00	1.00E+00
583   1.191e-01   7.711e-02   4.563e-20   1.00E+00	1.00E+00	1.00E+00
586   1.175e-01   7.581e-02   4.880e-20   1.00E+00	1.00E+00	1.00E+00
588   1.172e-01   7.455e-02   5.159e-20   1.00E+00	1.00E+00	1.00E+00
591   1.186e-01   7.336e-02   5.765e-20   1.00E+00	1.00E+00	1.00E+00
593   1.222e-01   7.228e-02   5.611e-20   1.00E+00	1.00E+00	1.00E+00
596   1.275e-01   7.117e-02   4.249e-20   1.00E+00	1.00E+00	1.00E+00
598   1.328e-01   6.999e-02   3.893e-20   1.00E+00	1.00E+00	1.00E+00
601   1.365e-01   6.757e-02   3.874e-20   1.00E+00	1.00E+00	1.00E+00
603   1.374e-01   6.651e-02   3.034e-20   1.00E+00	1.00E+00	1.00E+00
605   1.353e-01   6.543e-02   2.076e-20   1.00E+00	1.00E+00	1.00E+00
608   1.310e-01   6.437e-02   1.990e-20   1.00E+00	1.00E+00	1.00E+00
610   1.256e-01   6.335e-02   2.700e-20   1.00E+00	1.00E+00	1.00E+00
613   1.202e-01   6.236e-02   3.487e-20   1.00E+00	1.00E+00	1.00E+00
615   1.152e-01   6.137e-02   3.541e-20   1.00E+00	1.00E+00	1.00E+00
618   1.107e-01   6.038e-02   3.180e-20   1.00E+00	1.00E+00	1.00E+00
620   1.070e-01   5.942e-02   2.798e-20   1.00E+00	1.00E+00	1.00E+00
623   1.038e-01   5.848e-02   2.439e-20   1.00E+00	1.00E+00	1.00E+00
625   1.007e-01   5.754e-02   2.069e-20   1.00E+00	1.00E+00	1.00E+00
627   9.740e-02   5.663e-02   1.634e-20   1.00E+00	1.00E+00	1.00E+00
630   9.400e-02   5.575e-02   1.319e-20   1.00E+00	1.00E+00	1.00E+00
632   9.046e-02   5.486e-02   1.304e-20   1.00E+00	1.00E+00	1.00E+00
635   8.676e-02   5.400e-02   1.402e-20   1.00E+00	1.00E+00	1.00E+00
637   8.287e-02   5.316e-02   1.464e-20   1.00E+00	1.00E+00	1.00E+00
640   7.890e-02   5.234e-02   1.583e-20   1.00E+00	1.00E+00	1.00E+00
642   7.512e-02   5.152e-02   1.767e-20   1.00E+00	1.00E+00	1.00E+00
645   7.176e-02   5.073e-02   1.919e-20   1.00E+00	1.00E+00	1.00E+00
647   6.871e-02   4.995e-02   1.898e-20   1.00E+00	1.00E+00	1.00E+00
650   6.588e-02   4.918e-02   1.544e-20   1.00E+00	1.00E+00	1.00E+00
652   6.321e-02   4.843e-02   1.167e-20   1.00E+00	1.00E+00	1.00E+00
655   6.060e-02   4.771e-02   9.722e-21   1.00E+00	1.00E+00	1.00E+00
657   5.782e-02   4.695e-02   7.987e-21   1.00E+00	1.00E+00	1.00E+00
660   5.523e-02   4.623e-02   6.329e-21   1.00E+00	1.00E+00	1.00E+00
662   5.283e-02   4.555e-02   4.976e-21   1.00E+00	1.00E+00	1.00E+00
665   5.029e-02   4.487e-02   5.478e-21   1.00E+00	1.00E+00	1.00E+00
667   4.759e-02   4.420e-02   7.980e-21   1.00E+00	1.00E+00	1.00E+00
670   4.488e-02   4.354e-02   9.638e-21   1.00E+00	1.00E+00	1.00E+00
672   4.229e-02   4.289e-02   1.010e-20   1.00E+00	1.00E+00	1.00E+00
675   3.991e-02   4.225e-02   1.027e-20   1.00E+00	1.00E+00	1.00E+00
677   3.774e-02   4.163e-02   9.232e-21   1.00E+00	1.00E+00	1.00E+00
679   3.584e-02   4.102e-02   7.379e-21   1.00E+00	1.00E+00	1.00E+00
682   3.430e-02   4.042e-02   5.895e-21   1.00E+00	1.00E+00	1.00E+00
684   3.292e-02   3.983e-02   5.184e-21   1.00E+00	1.00E+00	1.00E+00
687   3.131e-02   3.924e-02   4.525e-21   1.00E+00	1.00E+00	1.00E+00
689   2.943e-02   3.867e-02   3.539e-21   1.00E+00	1.00E+00	1.00E+00
692   2.750e-02   3.811e-02   2.906e-21   1.00E+00	1.00E+00	1.00E+00
694   2.567e-02   3.756e-02   2.656e-21   1.00E+00	1.00E+00	1.00E+00
697   2.394e-02   3.702e-02   2.429e-21   1.00E+00	1.00E+00	1.00E+00
699   2.241e-02   3.649e-02   2.369e-21   1.00E+00	1.00E+00	1.00E+00
702   2.114e-02   3.597e-02   3.030e-21   1.00E+00	1.00E+00	1.00E+00
704   2.014e-02   3.546e-02   4.374e-21   1.00E+00	1.00E+00	1.00E+00
707   1.934e-02   3.496e-02   5.156e-21   1.00E+00	1.00E+00	1.00E+00
709   1.868e-02   3.446e-02   4.920e-21   1.00E+00	1.00E+00	1.00E+00
712   1.820e-02   3.398e-02   4.601e-21   1.00E+00	1.00E+00	1.00E+00
714   1.788e-02   3.350e-02   3.751e-21   1.00E+00	1.00E+00	1.00E+00
717   1.733e-02   3.303e-02   2.447e-21   1.00E+00	1.00E+00	1.00E+00
719   1.625e-02   3.257e-02   1.823e-21   1.00E+00	1.00E+00	1.00E+00
722   1.496e-02   3.212e-02   1.858e-21   1.00E+00	1.00E+00	1.00E+00
724   1.391e-02   3.167e-02   1.678e-21   1.00E+00	1.00E+00	1.00E+00
727   1.304e-02   3.124e-02   1.167e-21   1.00E+00	1.00E+00	1.00E+00
729   1.220e-02   3.081e-02   8.984e-22   1.00E+00	1.00E+00	1.00E+00
732   1.153e-02   3.038e-02   9.392e-22   1.00E+00	1.00E+00	1.00E+00
734   1.114e-02   2.997e-02   1.157e-21   1.00E+00	1.00E+00	1.00E+00
737   1.096e-02   2.956e-02   1.301e-21   1.00E+00	1.00E+00	1.00E+00
741   1.094e-02   2.897e-02   1.339e-21   1.00E+00	1.00E+00	1.00E+00
743   1.119e-02   2.857e-02   1.813e-21   1.00E+00	1.00E+00	1.00E+00
746   1.153e-02   2.819e-02   2.323e-21   1.00E+00	1.00E+00	1.00E+00
748   1.150e-02   2.781e-02   1.876e-21   1.00E+00	1.00E+00	1.00E+00
751   1.074e-02   2.744e-02   1.390e-21   1.00E+00	1.00E+00	1.00E+00
753   9.483e-03   2.707e-02   1.443e-21   1.00E+00	1.00E+00	1.00E+00
756   8.328e-03   2.671e-02   1.307e-21   1.00E+00	1.00E+00	1.00E+00
758   7.536e-03   2.636e-02   8.963e-22   1.00E+00	1.00E+00	1.00E+00
771   6.585e-03   2.468e-02   3.155e-22   1.00E+00	1.00E+00	1.00E+00
772   6.768e-03   2.452e-02   2.764e-22   1.00E+00	1.00E+00	1.00E+00
774   7.369e-03   2.420e-02   2.949e-22   1.00E+00	1.00E+00	1.00E+00
777   8.069e-03   2.389e-02   3.684e-22   1.00E+00	1.00E+00	1.00E+00
779   8.375e-03   2.358e-02   4.135e-22   1.00E+00	1.00E+00	1.00E+00
782   7.962e-03   2.328e-02   4.360e-22   1.00E+00	1.00E+00	1.00E+00
784   7.054e-03   2.298e-02   4.865e-22   1.00E+00	1.00E+00	1.00E+00
787   6.138e-03   2.269e-02   6.189e-22   1.00E+00	1.00E+00	1.00E+00
789   5.442e-03   2.240e-02   8.418e-22   1.00E+00	1.00E+00	1.00E+00
792   4.901e-03   2.212e-02   7.865e-22   1.00E+00	1.00E+00	1.00E+00
794   4.449e-03   2.184e-02   4.479e-22   1.00E+00	1.00E+00	1.00E+00
797   4.130e-03   2.157e-02   2.896e-22   1.00E+00	1.00E+00	1.00E+00
799   3.943e-03   2.130e-02   3.150e-22   1.00E+00	1.00E+00	1.00E+00
802   3.847e-03   2.104e-02   3.325e-22   1.00E+00	1.00E+00	1.00E+00
804   3.891e-03   2.078e-02   2.312e-22   1.00E+00	1.00E+00	1.00E+00
807   4.171e-03   2.052e-02   1.138e-22   1.00E+00	1.00E+00	1.00E+00
809   4.692e-03   2.027e-02   9.675e-23   1.00E+00	1.00E+00	1.00E+00
812   5.313e-03   2.003e-02   1.269e-22   1.00E+00	1.00E+00	1.00E+00
814   5.836e-03   1.979e-02   1.403e-22   1.00E+00	1.00E+00	1.00E+00
817   6.024e-03   1.955e-02   1.070e-22   1.00E+00	1.00E+00	1.00E+00
819   5.699e-03   1.932e-02   6.941e-23   1.00E+00	1.00E+00	1.00E+00
822   4.916e-03   1.908e-02   6.586e-23   1.00E+00	1.00E+00	1.00E+00
824   3.982e-03   1.885e-02   8.298e-23   1.00E+00	1.00E+00	1.00E+00
827   3.185e-03   1.862e-02   1.014e-22   1.00E+00	1.00E+00	1.00E+00
829   2.620e-03   1.840e-02   1.147e-22   1.00E+00	1.00E+00	1.00E+00
832   2.259e-03   1.817e-02   1.471e-22   1.00E+00	1.00E+00	1.00E+00
835   2.051e-03   1.795e-02   1.970e-22   1.00E+00	1.00E+00	1.00E+00
837   1.974e-03   1.774e-02   1.945e-22   1.00E+00	1.00E+00	1.00E+00
840   1.990e-03   1.754e-02   1.761e-22   1.00E+00	1.00E+00	1.00E+00
842   2.081e-03   1.733e-02   1.913e-22   1.00E+00	1.00E+00	1.00E+00
845   2.267e-03   1.713e-02   1.738e-22   1.00E+00	1.00E+00	1.00E+00
847   2.602e-03   1.693e-02   1.158e-22   1.00E+00	1.00E+00	1.00E+00
850   3.172e-03   1.673e-02   7.480e-23   1.00E+00	1.00E+00	1.00E+00
852   3.781e-03   1.654e-02   8.119e-23   1.00E+00	1.00E+00	1.00E+00
855   3.974e-03   1.634e-02   1.025e-22   1.00E+00	1.00E+00	1.00E+00
857   3.669e-03   1.614e-02   8.662e-23   1.00E+00	1.00E+00	1.00E+00
860   3.165e-03   1.595e-02   6.504e-23   1.00E+00	1.00E+00	1.00E+00
862   2.572e-03   1.577e-02   6.390e-23   1.00E+00	1.00E+00	1.00E+00
865   2.051e-03   1.560e-02   5.998e-23   1.00E+00	1.00E+00	1.00E+00
867   1.649e-03   1.542e-02   6.107e-23   1.00E+00	1.00E+00	1.00E+00
870   1.362e-03   1.524e-02   6.062e-23   1.00E+00	1.00E+00	1.00E+00
872   1.178e-03   1.507e-02   5.796e-23   1.00E+00	1.00E+00	1.00E+00
875   1.081e-03   1.490e-02   6.097e-23   1.00E+00	1.00E+00	1.00E+00
877   1.057e-03   1.472e-02   6.736e-23   1.00E+00	1.00E+00	1.00E+00
880   1.097e-03   1.456e-02   7.289e-23   1.00E+00	1.00E+00	1.00E+00
