380
383
385
388
390
393
395
398
400
403
405
408
410
413
415
418
420
422
425
427
430
432
435
437
440
442
445
447
450
452
455
457
460
462
465
467
470
472
475
477
480
482
485
487
490
492
495
497
500
502
505
507
510
512
515
517
520
522
525
527
530
532
535
537
540
542
545
547
550
553
555
558
560
563
565
568
570
573
575
578
580
583
586
588
591
593
596
598
601
603
605
608
610
613
615
618
620
623
625
627
630
632
635
637
640
642
645
647
650
652
655
657
660
662
665
667
670
672
675
677
679
682
684
692
694
697
699
702
704
707
709
712
714
717
719
722
724
729
732
734
737
741
743
746
748
751
753
756
771
772
774
777
779
782
784
787
789
792
794
797
799
802
804
807
809
812
814
817
819
822
824
827
829
832
835
837
840
842
845
847
850
852
855
857
860
862
865
867
870
872
875
877
880
